n_features: 30
n_rows: 1347531
r2: 0.9996696981582933
rmse: 1.3439646188129826
